Node_name	Nr	Li	Nl	Lr
1	2	2	2	3
2	2	2	2	3
5	2	2	2	3
13	2	2	2	3
14	2	2	2	3
44	2	2	2	3
55	2	2	2	3
56	2	2	2	3
57	2	2	2	3
58	2	2	2	3
59	2	2	2	3
60	2	2	2	3
68	2	2	2	3
113	2	2	2	3
160	2	2	2	3
170	2	2	2	3
171	2	2	2	3
178	2	2	2	3
180	2	2	2	3
226	2	2	2	3
6	2	2	2	3
45	2	2	2	3
54	2	2	2	3
67	2	2	2	3
161	2	2	2	3
179	2	2	2	3
181	2	2	2	3
185	2	2	2	3
225	2	2	2	3
3	2	2	2	3
4	2	2	2	3
17	2	2	2	3
70	2	2	2	3
71	2	2	2	3
81	2	2	2	3
83	2	2	2	3
112	2	2	2	3
118	2	2	2	3
124	2	2	2	3
130	2	2	2	3
166	2	2	2	3
173	2	2	2	3
175	2	2	2	3
176	2	2	2	3
177	2	2	2	3
184	2	2	2	3
188	2	2	2	3
198	2	2	2	3
200	2	2	2	3
212	1	2	2	3
216	2	2	2	3
220	2	2	2	3
231	2	2	2	3
286	1	2	1	3
23	2	2	2	3
61	2	2	2	3
69	2	2	2	3
84	2	2	2	3
131	2	2	2	3
162	2	2	2	3
189	2	2	2	3
205	2	2	2	3
21	2	2	2	3
52	2	2	2	3
134	2	2	2	3
182	2	2	2	3
221	2	2	2	3
12	2	2	2	3
20	2	2	2	3
22	2	2	2	3
53	2	2	2	3
76	2	2	2	3
159	2	2	2	3
167	2	2	2	3
222	2	2	2	3
234	2	2	2	3
7	2	2	2	3
8	2	2	2	3
11	2	2	2	3
41	2	2	2	3
75	2	2	2	3
78	2	2	2	3
151	2	2	2	3
9	2	2	2	3
10	2	2	2	3
18	2	2	2	3
19	2	2	2	3
15	2	2	2	3
42	2	2	2	3
46	2	2	2	3
50	2	2	2	3
73	2	2	2	3
114	2	2	2	3
43	2	2	2	3
47	2	2	2	3
74	2	2	2	3
77	2	2	2	3
174	2	2	2	3
111	2	2	2	3
163	2	2	2	3
169	0	1	2	3
202	2	2	2	3
203	2	2	2	3
224	2	2	2	3
96	2	2	2	3
168	0	1	2	3
183	2	2	2	3
223	2	2	2	3
251	2	2	2	3
24	2	2	2	3
62	2	2	2	3
63	2	2	2	3
65	2	2	2	3
66	2	2	2	3
16	2	2	2	3
49	2	2	2	3
51	2	2	2	3
115	2	2	2	3
133	2	2	2	3
157	2	2	2	3
199	2	2	2	3
40	2	2	2	3
79	2	2	2	3
80	2	2	2	3
172	2	2	2	3
109	2	2	2	3
219	2	2	2	3
252	2	2	2	3
72	2	2	2	3
85	2	2	2	3
152	2	2	2	3
187	2	2	2	3
209	2	2	2	3
25	2	2	2	3
82	2	2	2	3
86	2	2	2	3
186	2	2	2	3
211	1	2	2	3
26	2	2	2	3
204	2	2	2	3
27	2	2	2	3
201	2	2	2	3
28	2	2	2	3
158	2	2	2	3
233	2	2	2	3
29	2	2	2	3
87	2	2	2	3
241	2	2	2	3
268	2	2	2	3
269	2	2	2	3
289	1	2	1	3
310	1	2	1	3
313	1	2	1	3
30	2	2	2	3
88	2	2	2	3
103	2	2	2	3
242	2	2	2	3
288	1	2	1	3
312	1	2	1	3
31	2	2	2	3
89	2	2	2	3
243	2	2	2	3
270	2	2	2	3
290	1	2	1	3
291	1	2	1	3
314	1	2	1	3
315	1	2	1	3
32	2	2	2	3
33	2	2	2	3
271	2	2	2	3
292	1	2	1	3
293	1	2	1	3
316	1	2	1	3
317	1	2	1	3
104	2	2	2	3
245	2	2	2	3
272	2	2	2	3
295	1	2	1	3
319	1	2	1	3
34	2	2	2	3
91	2	2	2	3
246	2	2	2	3
273	2	2	2	3
294	1	2	1	3
318	1	2	1	3
35	2	2	2	3
297	1	2	1	3
321	1	2	1	3
36	2	2	2	3
296	1	2	1	3
299	1	2	1	3
320	1	2	1	3
323	1	2	1	3
37	2	2	2	3
110	2	2	2	3
298	1	2	1	3
301	1	2	1	3
322	1	2	1	3
325	1	2	1	3
38	2	2	2	3
300	1	2	1	3
324	1	2	1	3
39	2	2	2	3
136	2	2	2	3
137	2	2	2	3
280	2	2	2	3
302	1	2	1	3
303	1	2	1	3
304	1	2	1	3
305	1	2	1	3
326	1	2	1	3
327	1	2	1	3
328	1	2	1	3
329	1	2	1	3
48	2	2	2	3
90	2	2	2	3
92	2	2	2	3
93	2	2	2	3
94	2	2	2	3
95	2	2	2	3
100	2	2	2	3
101	2	2	2	3
128	2	2	2	3
206	2	2	2	3
208	2	2	2	3
210	2	2	2	3
235	2	2	2	3
238	2	2	2	3
239	2	2	2	3
240	2	2	2	3
244	2	2	2	3
247	2	2	2	3
248	2	2	2	3
249	2	2	2	3
250	2	2	2	3
259	2	2	2	3
98	2	2	2	3
129	2	2	2	3
138	2	2	2	3
139	2	2	2	3
207	2	2	2	3
236	2	2	2	3
237	2	2	2	3
99	2	2	2	3
102	2	2	2	3
217	0	1	2	3
254	2	2	2	3
255	2	2	2	3
256	2	2	2	3
257	2	2	2	3
258	2	2	2	3
260	2	2	2	3
261	2	2	2	3
264	2	2	2	3
97	2	2	2	3
156	2	2	2	3
253	2	2	2	3
277	2	2	2	3
150	2	2	2	3
191	2	2	2	3
195	2	2	2	3
190	2	2	2	3
64	2	2	2	3
340	1	2	1	3
341	1	2	1	3
265	2	2	2	3
278	2	2	2	3
343	1	2	1	3
366	1	2	1	3
140	2	2	2	3
143	2	2	2	3
147	2	2	2	3
155	2	2	2	3
197	2	2	2	3
214	1	2	2	3
196	2	2	2	3
339	1	2	1	3
108	2	2	2	3
164	2	2	2	3
279	2	2	2	3
362	1	2	1	3
227	2	2	2	3
228	2	2	2	3
116	2	2	2	3
132	2	2	2	3
117	2	2	2	3
119	2	2	2	3
232	2	2	2	3
120	2	2	2	3
213	1	2	2	3
229	2	2	2	3
332	1	2	1	3
121	2	2	2	3
127	2	2	2	3
135	2	2	2	3
230	2	2	2	3
356	1	2	1	3
144	2	2	2	3
105	2	2	2	3
106	2	2	2	3
275	2	2	2	3
107	2	2	2	3
276	2	2	2	3
281	1	2	1	3
266	2	2	2	3
377	2	1	1	3
263	2	2	2	3
282	1	2	1	3
283	1	2	1	3
285	1	2	1	3
306	1	2	1	3
307	1	2	1	3
194	2	2	2	3
284	1	2	1	3
330	1	2	1	3
193	2	2	2	3
308	1	2	1	3
353	1	2	1	3
355	1	2	1	3
192	2	2	2	3
331	1	2	1	3
125	2	2	2	3
354	1	2	1	3
122	2	0	0	3
123	2	0	0	3
126	2	2	2	3
142	2	2	2	3
146	2	2	2	3
218	2	2	2	3
215	2	2	2	3
351	1	2	1	3
373	1	2	1	3
141	2	2	2	3
145	2	2	2	3
148	2	2	2	3
149	2	0	0	3
153	2	2	2	3
165	2	2	2	3
154	2	0	0	3
338	1	2	1	3
274	2	2	2	3
342	1	2	1	3
357	1	2	1	3
334	1	2	1	3
336	1	2	1	3
358	1	2	1	3
360	1	2	1	3
335	1	2	1	3
337	1	2	1	3
309	1	2	1	3
359	1	2	1	3
333	1	2	1	3
287	1	2	1	3
311	1	2	1	3
361	1	2	1	3
364	1	2	1	3
363	1	2	1	3
365	1	2	1	3
344	1	2	1	3
345	1	2	1	3
367	1	2	1	3
368	1	2	1	3
347	1	2	1	3
370	1	2	1	3
346	1	2	1	3
369	1	2	1	3
348	1	2	1	3
349	1	2	1	3
371	1	2	1	3
372	1	2	1	3
350	1	2	1	3
352	1	2	1	3
374	1	2	1	3
375	1	2	1	3
376	1	2	1	3
262	2	2	2	3
267	2	0	0	3
